Input  : [18, 5, 9, 19, 20, 12, 16, 21, 8, 13, 10, 7, 1, 17, 15, 11, 3, 0, 14, 2, 6, 4]
Move  1: [1, 7, 10, 13, 8, 21, 16, 12, 20, 19, 9, 5, 18, 17, 15, 11, 3, 0, 14, 2, 6, 4]
Move  2: [1, 2, 14, 0, 3, 11, 15, 17, 18, 5, 9, 19, 20, 12, 16, 21, 8, 13, 10, 7, 6, 4]
Move  3: [1, 2, 14, 0, 3, 11, 12, 20, 19, 9, 5, 18, 17, 15, 16, 21, 8, 13, 10, 7, 6, 4]
Move  4: [1, 2, 3, 0, 14, 11, 12, 20, 19, 9, 5, 18, 17, 15, 16, 21, 8, 13, 10, 7, 6, 4]
Move  5: [1, 2, 3, 0, 14, 13, 8, 21, 16, 15, 17, 18, 5, 9, 19, 20, 12, 11, 10, 7, 6, 4]
Move  6: [1, 2, 3, 0, 14, 13, 5, 18, 17, 15, 16, 21, 8, 9, 19, 20, 12, 11, 10, 7, 6, 4]
Move  7: [1, 2, 3, 0, 17, 18, 5, 13, 14, 15, 16, 21, 8, 9, 19, 20, 12, 11, 10, 7, 6, 4]
Move  8: [1, 2, 3, 0, 17, 18, 6, 7, 10, 11, 12, 20, 19, 9, 8, 21, 16, 15, 14, 13, 5, 4]
Move  9: [1, 2, 3, 0, 17, 18, 19, 20, 12, 11, 10, 7, 6, 9, 8, 21, 16, 15, 14, 13, 5, 4]
Move 10: [1, 2, 3, 0, 17, 18, 19, 20, 12, 11, 10, 9, 6, 7, 8, 21, 16, 15, 14, 13, 5, 4]
Move 11: [1, 2, 3, 0, 17, 18, 19, 20, 12, 11, 10, 9, 13, 14, 15, 16, 21, 8, 7, 6, 5, 4]
Move 12: [1, 2, 3, 0, 17, 18, 19, 20, 9, 10, 11, 12, 13, 14, 15, 16, 21, 8, 7, 6, 5, 4]
Move 13: [1, 2, 3, 0, 17, 18, 19, 20, 21, 16, 15, 14, 13, 12, 11, 10, 9, 8, 7, 6, 5, 4]
Move 14: [1, 2, 3, 4, 5, 6, 7, 8, 9, 10, 11, 12, 13, 14, 15, 16, 21, 20, 19, 18, 17, 0]
Move 15: [17, 18, 19, 20, 21, 16, 15, 14, 13, 12, 11, 10, 9, 8, 7, 6, 5, 4, 3, 2, 1, 0]
Move 16: [21, 20, 19, 18, 17, 16, 15, 14, 13, 12, 11, 10, 9, 8, 7, 6, 5, 4, 3, 2, 1, 0]
Move 17: [0, 1, 2, 3, 4, 5, 6, 7, 8, 9, 10, 11, 12, 13, 14, 15, 16, 17, 18, 19, 20, 21]
Nodes visited: 14606
time elapsed: 119567 milliseconds

Input  : [2, 14, 0, 5, 21, 7, 15, 17, 1, 6, 18, 20, 12, 8, 4, 19, 11, 3, 16, 13, 9, 10]
Move  1: [2, 14, 0, 1, 17, 15, 7, 21, 5, 6, 18, 20, 12, 8, 4, 19, 11, 3, 16, 13, 9, 10]
Move  2: [2, 14, 0, 1, 17, 15, 7, 21, 5, 6, 18, 20, 19, 4, 8, 12, 11, 3, 16, 13, 9, 10]
Move  3: [11, 12, 8, 4, 19, 20, 18, 6, 5, 21, 7, 15, 17, 1, 0, 14, 2, 3, 16, 13, 9, 10]
Move  4: [11, 12, 13, 16, 3, 2, 14, 0, 1, 17, 15, 7, 21, 5, 6, 18, 20, 19, 4, 8, 9, 10]
Move  5: [11, 12, 13, 1, 0, 14, 2, 3, 16, 17, 15, 7, 21, 5, 6, 18, 20, 19, 4, 8, 9, 10]
Move  6: [11, 12, 13, 14, 0, 1, 2, 3, 16, 17, 15, 7, 21, 5, 6, 18, 20, 19, 4, 8, 9, 10]
Move  7: [11, 12, 13, 14, 0, 1, 2, 3, 16, 17, 15, 7, 21, 19, 20, 18, 6, 5, 4, 8, 9, 10]
Move  8: [11, 12, 13, 14, 0, 1, 2, 3, 16, 17, 15, 7, 21, 20, 19, 18, 6, 5, 4, 8, 9, 10]
Move  9: [11, 12, 13, 14, 0, 1, 2, 3, 4, 5, 6, 18, 19, 20, 21, 7, 15, 17, 16, 8, 9, 10]
Move 10: [11, 12, 13, 14, 15, 7, 21, 20, 19, 18, 6, 5, 4, 3, 2, 1, 0, 17, 16, 8, 9, 10]
Move 11: [11, 12, 13, 14, 15, 16, 17, 0, 1, 2, 3, 4, 5, 6, 18, 19, 20, 21, 7, 8, 9, 10]
Move 12: [17, 16, 15, 14, 13, 12, 11, 0, 1, 2, 3, 4, 5, 6, 18, 19, 20, 21, 7, 8, 9, 10]
Move 13: [6, 5, 4, 3, 2, 1, 0, 11, 12, 13, 14, 15, 16, 17, 18, 19, 20, 21, 7, 8, 9, 10]
Move 14: [21, 20, 19, 18, 17, 16, 15, 14, 13, 12, 11, 0, 1, 2, 3, 4, 5, 6, 7, 8, 9, 10]
Move 15: [21, 20, 19, 18, 17, 16, 15, 14, 13, 12, 11, 10, 9, 8, 7, 6, 5, 4, 3, 2, 1, 0]
Move 16: [0, 1, 2, 3, 4, 5, 6, 7, 8, 9, 10, 11, 12, 13, 14, 15, 16, 17, 18, 19, 20, 21]
Nodes visited: 1998
time elapsed: 15068 milliseconds

Input  : [7, 1, 21, 14, 5, 15, 0, 16, 11, 19, 12, 2, 3, 8, 6, 20, 17, 13, 9, 18, 4, 10]
Move  1: [7, 1, 0, 15, 5, 14, 21, 16, 11, 19, 12, 2, 3, 8, 6, 20, 17, 13, 9, 18, 4, 10]
Move  2: [7, 1, 0, 15, 5, 14, 21, 20, 6, 8, 3, 2, 12, 19, 11, 16, 17, 13, 9, 18, 4, 10]
Move  3: [7, 1, 0, 15, 5, 6, 20, 21, 14, 8, 3, 2, 12, 19, 11, 16, 17, 13, 9, 18, 4, 10]
Move  4: [7, 1, 0, 15, 5, 6, 20, 21, 14, 13, 17, 16, 11, 19, 12, 2, 3, 8, 9, 18, 4, 10]
Move  5: [7, 1, 0, 15, 16, 17, 13, 14, 21, 20, 6, 5, 11, 19, 12, 2, 3, 8, 9, 18, 4, 10]
Move  6: [7, 1, 0, 15, 16, 17, 13, 14, 21, 20, 6, 5, 4, 18, 9, 8, 3, 2, 12, 19, 11, 10]
Move  7: [7, 1, 0, 15, 16, 17, 13, 14, 21, 20, 19, 12, 2, 3, 8, 9, 18, 4, 5, 6, 11, 10]
Move  8: [7, 12, 19, 20, 21, 14, 13, 17, 16, 15, 0, 1, 2, 3, 8, 9, 18, 4, 5, 6, 11, 10]
Move  9: [7, 6, 5, 4, 18, 9, 8, 3, 2, 1, 0, 15, 16, 17, 13, 14, 21, 20, 19, 12, 11, 10]
Move 10: [7, 6, 5, 4, 18, 17, 16, 15, 0, 1, 2, 3, 8, 9, 13, 14, 21, 20, 19, 12, 11, 10]
Move 11: [3, 2, 1, 0, 15, 16, 17, 18, 4, 5, 6, 7, 8, 9, 13, 14, 21, 20, 19, 12, 11, 10]
Move 12: [18, 17, 16, 15, 0, 1, 2, 3, 4, 5, 6, 7, 8, 9, 13, 14, 21, 20, 19, 12, 11, 10]
Move 13: [18, 17, 16, 15, 0, 1, 2, 3, 4, 5, 6, 7, 8, 9, 19, 20, 21, 14, 13, 12, 11, 10]
Move 14: [9, 8, 7, 6, 5, 4, 3, 2, 1, 0, 15, 16, 17, 18, 19, 20, 21, 14, 13, 12, 11, 10]
Move 15: [9, 8, 7, 6, 5, 4, 3, 2, 1, 0, 21, 20, 19, 18, 17, 16, 15, 14, 13, 12, 11, 10]
Move 16: [0, 1, 2, 3, 4, 5, 6, 7, 8, 9, 21, 20, 19, 18, 17, 16, 15, 14, 13, 12, 11, 10]
Move 17: [0, 1, 2, 3, 4, 5, 6, 7, 8, 9, 10, 11, 12, 13, 14, 15, 16, 17, 18, 19, 20, 21]
Nodes visited: 3276
time elapsed: 26651 milliseconds

Input  : [1, 10, 18, 6, 11, 5, 9, 2, 4, 16, 3, 8, 0, 13, 7, 19, 20, 21, 15, 14, 17, 12]
Move  1: [9, 5, 11, 6, 18, 10, 1, 2, 4, 16, 3, 8, 0, 13, 7, 19, 20, 21, 15, 14, 17, 12]
Move  2: [9, 5, 11, 6, 7, 13, 0, 8, 3, 16, 4, 2, 1, 10, 18, 19, 20, 21, 15, 14, 17, 12]
Move  3: [9, 8, 0, 13, 7, 6, 11, 5, 3, 16, 4, 2, 1, 10, 18, 19, 20, 21, 15, 14, 17, 12]
Move  4: [9, 8, 0, 13, 7, 6, 11, 5, 4, 16, 3, 2, 1, 10, 18, 19, 20, 21, 15, 14, 17, 12]
Move  5: [9, 8, 0, 13, 14, 15, 21, 20, 19, 18, 10, 1, 2, 3, 16, 4, 5, 11, 6, 7, 17, 12]
Move  6: [9, 8, 0, 13, 14, 15, 21, 20, 19, 18, 5, 4, 16, 3, 2, 1, 10, 11, 6, 7, 17, 12]
Move  7: [9, 8, 0, 13, 14, 15, 21, 20, 19, 18, 11, 10, 1, 2, 3, 16, 4, 5, 6, 7, 17, 12]
Move  8: [9, 8, 0, 13, 14, 15, 21, 20, 19, 18, 17, 7, 6, 5, 4, 16, 3, 2, 1, 10, 11, 12]
Move  9: [1, 2, 3, 16, 4, 5, 6, 7, 17, 18, 19, 20, 21, 15, 14, 13, 0, 8, 9, 10, 11, 12]
Move 10: [1, 2, 3, 7, 6, 5, 4, 16, 17, 18, 19, 20, 21, 15, 14, 13, 0, 8, 9, 10, 11, 12]
Move 11: [1, 2, 3, 4, 5, 6, 7, 16, 17, 18, 19, 20, 21, 15, 14, 13, 0, 8, 9, 10, 11, 12]
Move 12: [1, 2, 3, 4, 5, 6, 7, 21, 20, 19, 18, 17, 16, 15, 14, 13, 0, 8, 9, 10, 11, 12]
Move 13: [1, 2, 3, 4, 5, 6, 7, 21, 20, 19, 18, 17, 16, 15, 14, 13, 12, 11, 10, 9, 8, 0]
Move 14: [8, 9, 10, 11, 12, 13, 14, 15, 16, 17, 18, 19, 20, 21, 7, 6, 5, 4, 3, 2, 1, 0]
Move 15: [21, 20, 19, 18, 17, 16, 15, 14, 13, 12, 11, 10, 9, 8, 7, 6, 5, 4, 3, 2, 1, 0]
Move 16: [0, 1, 2, 3, 4, 5, 6, 7, 8, 9, 10, 11, 12, 13, 14, 15, 16, 17, 18, 19, 20, 21]
Nodes visited: 3690
time elapsed: 29548 milliseconds

